# Frame list with one line of data per frame:
#   FRAME_ID, RIG_ID, RIG_FROM_WORLD[QW, QX, QY, QZ, TX, TY, TZ], NUM_DATA_IDS, DATA_IDS[] as (SENSOR_TYPE, SENSOR_ID, DATA_ID)
# Number of frames: 100
1 1 0.05457985615854194 -0.049298084815304927 0.4815604493850838 0.87332140230461086 -0.12440366048260271 -1.3992885148719152 2.0106732693294931 1 CAMERA 1 1
2 1 0.33113200380966201 -0.2383734424969404 0.65500100716565446 0.63600580074173407 0.26475174594254197 -2.404115377740569 3.1681932959495569 1 CAMERA 1 2
3 1 0.17671746697074758 -0.1319702277183836 0.6546766368904593 0.72301680269078017 0.05036941317466892 -2.240163887819727 2.8460522483421302 1 CAMERA 1 3
4 1 -0.37252492133088216 0.0796730923550205 0.45771056296347623 0.80335448084495442 -0.50967771384406269 -1.7423041344016215 2.3316824803674723 1 CAMERA 1 4
5 1 0.090434938521338368 -0.076032359448101758 0.60100166152758117 0.79046670078661974 -0.068736397298809357 -1.9789837667997017 2.4983413835214221 1 CAMERA 1 5
6 1 0.65808209666537598 -0.34683185299831609 0.44572858718649327 0.4979574744483608 0.55013021303892218 -2.308273753340798 3.0729575536420106 1 CAMERA 1 6
7 1 0.56294100155537097 -0.21758704945148741 0.44117360937500516 0.66416801418757154 0.46082193957011602 -1.7956244079574504 2.3668550881226627 1 CAMERA 1 7
8 1 0.65662036076499486 -0.24987993574485695 0.40157604156631149 0.58749161898781699 0.53118214373337225 -1.8986802783525276 2.4836499109065744 1 CAMERA 1 8
9 1 -0.077066867515082821 0.0069334646679099004 0.69974497586283535 0.71018982937932285 -0.26543094250748761 -2.3933007600088319 3.1494030458828131 1 CAMERA 1 9
10 1 0.8181507343310338 -0.45875571928702219 0.2552528319093571 0.23456034988311808 0.49320456214507824 -2.5397514246262309 3.6738054682801686 1 CAMERA 1 10
11 1 0.54269588160150761 -0.33321244892856522 -0.55384395086431726 -0.53638374515154219 -0.55802894765832745 -2.5786962615057023 3.9707679089710548 1 CAMERA 1 11
12 1 -0.19229624293043465 0.058436859461490694 0.62523091929785335 0.75411775338144527 -0.38357434974620114 -2.2135068596224672 2.8568332858353558 1 CAMERA 1 12
13 1 0.94179081166793921 -0.032935303078907935 0.11743526698526564 0.31329585209039101 0.48176419939134346 -1.007106975733127 1.8572966161552684 1 CAMERA 1 13
14 1 0.98640473231687276 0.068626611182423483 0.056929648097928824 0.13804023858260084 0.33852024466909508 -0.68169601266020097 1.7258448158251622 1 CAMERA 1 14
15 1 0.92027287554983117 -0.37590898082114371 0.087729150360878957 0.06398334816350619 0.29776257139392692 -2.4483394082565844 3.2854885287688309 1 CAMERA 1 15
16 1 0.69363182795844469 -0.37677512648652572 -0.40374366357554464 -0.46250021127204555 -0.46739447014835744 -2.579093530315165 3.8438541744513199 1 CAMERA 1 16
17 1 0.56600406357923294 -0.1984078795501231 -0.44846790349880788 -0.66268412752653394 -0.56355753551320587 -2.2065110828695946 2.90191939610561 1 CAMERA 1 17
18 1 0.43678881089487959 -0.1552796937000164 0.4473797625248811 0.76482357409055279 0.3305964415314428 -1.5089904166368544 2.1062216359392472 1 CAMERA 1 18
19 1 0.99795304837825949 0.050476771126378009 0.03697359965539064 0.013219748020196742 0.21566375155943127 -0.86873514369631044 1.7696874367119966 1 CAMERA 1 19
20 1 0.019541937611301838 -0.031784898667058185 0.16274457645422519 0.98596249204817921 -0.18008774612854025 0.30723619964174359 1.6397608598448412 1 CAMERA 1 20
21 1 0.80928445354499656 -0.47343989734403491 -0.22063475867191709 -0.26876316734074818 -0.19820592886434724 -2.6447030461543917 4.1423373351860064 1 CAMERA 1 21
22 1 0.39708768592266153 -0.23895736712761143 0.59223982526589836 0.65914545872139929 0.32384080517682834 -2.2377442145316278 2.8743520654200174 1 CAMERA 1 22
23 1 -0.021943247100339895 -0.028305026640334869 0.52747436912957135 0.84881570984810606 -0.20670067297922165 -1.6532128111670432 2.2005658208620642 1 CAMERA 1 23
24 1 -0.032217377089656628 -0.019782291161179837 0.71732345610265769 0.69571384986560081 -0.21124643821278979 -2.4330942358164322 3.2248172483183324 1 CAMERA 1 24
25 1 0.81512680222567535 -0.54294628807654233 -0.12489895427015228 -0.15867537861770403 -0.028462373850589046 -2.6483567249859647 4.4540426030319349 1 CAMERA 1 25
26 1 0.55098732836153841 -0.23181893755071634 0.46242200716735837 0.65485787119434002 0.45515447160318429 -1.8987436991687183 2.4667786731277213 1 CAMERA 1 26
27 1 0.8350781699599753 -0.46039931348446012 -0.18031547663876185 -0.24117058503033237 -0.14742838483115275 -2.6385313299515816 4.0106958050091626 1 CAMERA 1 27
28 1 0.11221662321018147 -0.079902614213386472 0.57175678696607857 0.80877510982682765 -0.046550611368065341 -1.8475043830841935 2.358557572522705 1 CAMERA 1 28
29 1 0.24773117675234496 -0.049245393797727265 0.29549460835437319 0.92135068876519588 0.090440435558259924 -0.40511982954670828 1.6437941994331684 1 CAMERA 1 29
30 1 0.32298212955362798 -0.008292082669783615 0.16695604048603632 0.93152534366984674 0.16666255473488076 0.29548957311924051 1.6363949857977413 1 CAMERA 1 30
31 1 -0.085711171490753996 -0.0010020818405198999 0.58526722697737732 0.80629700727453946 -0.27526653605613527 -1.957268747632477 2.4976736612476991 1 CAMERA 1 31
32 1 0.34137239238638656 -0.13736531056929724 0.48308300426431972 0.79449762250088252 0.2227477642697081 -1.5592683834138794 2.1317729157081362 1 CAMERA 1 32
33 1 -0.4762295427961436 0.23322319834128494 0.56327403699222678 0.63366767439574923 -0.56077046982822165 -2.4504251856764094 3.41197592306104 1 CAMERA 1 33
34 1 -0.13198685583958247 -0.0066777729287403036 0.43042412417704734 0.89289974272631245 -0.31642985251572175 -1.2445008226787357 1.9414714299599107 1 CAMERA 1 34
35 1 0.99189820760570635 -0.12200728723743094 0.035029807751702322 -0.0050080114246199535 0.19951483024159983 -1.670681893343906 2.2154129010698371 1 CAMERA 1 35
36 1 0.49858955953419098 -0.25126753270154373 0.51916603816462636 0.64710099903340135 0.41977161325249829 -2.0919805581404303 2.6826691003247629 1 CAMERA 1 36
37 1 0.96652356197421418 -0.18033653739315525 -0.043885964226424039 -0.17715800736529416 -0.0073537267187252908 -1.9657718642713977 2.4836853337528302 1 CAMERA 1 37
38 1 -0.48605969831584006 0.11516704279851073 0.42279379323270727 0.75612692739384668 -0.55646851150567811 -1.8307201235160677 2.4283133427266996 1 CAMERA 1 38
39 1 0.52765437819641514 -0.062272161589327017 -0.32117661364377798 -0.78393151353256774 -0.56099543072689884 -1.3781941115012244 2.0712980035973985 1 CAMERA 1 39
40 1 0.3215220566856366 -0.23672513008541635 0.66314423060029826 0.63310702829159893 0.2541844467124873 -2.4214957225788791 3.205656835168067 1 CAMERA 1 40
41 1 0.89185352287446928 -0.28670074212384328 0.20547163314086972 0.28316317941508545 0.4936117650416913 -2.1066791361943018 2.7317376971049363 1 CAMERA 1 41
42 1 0.99669331804635797 -0.052890003401312398 0.01731735324346827 -0.059204616193264878 0.13962024933648942 -1.3988744652867151 2.0175277477367928 1 CAMERA 1 42
43 1 0.57643747864263306 -0.19649943574509576 0.41239471243272408 0.67752373104232588 0.46582453378466815 -1.642909276380347 2.2373144069325197 1 CAMERA 1 43
44 1 0.7382044348168334 -0.093504082554889748 -0.23303750981745575 -0.62610280144749975 -0.50756053559444525 -1.570641253695723 2.1880360595266164 1 CAMERA 1 44
45 1 -0.054075806300984339 -0.03123710107088027 0.27665083620069469 0.95893918760213492 -0.2504286756249558 -0.35341820058715279 1.6474285140581759 1 CAMERA 1 45
46 1 0.76960407514047235 -0.53015906867975415 0.28243349513435856 0.21650000057733049 0.49825013944722629 -2.6043903274535998 4.1375942855504402 1 CAMERA 1 46
47 1 0.88760053621514212 -0.36471038895887536 0.18857391511014274 0.20878577259020964 0.44820456067380515 -2.3656547216476564 3.1493752445743071 1 CAMERA 1 47
48 1 -0.0036911726585431045 -0.034889880578767171 0.36083289857693113 0.93197032720048245 -0.18722812720978613 -0.77909347473333324 1.7362788965866633 1 CAMERA 1 48
49 1 0.50506710760937601 -0.06033553686416937 0.27315413572590919 0.8164886147021545 0.36310468138488672 -0.52962286473138387 1.6932671147439202 1 CAMERA 1 49
50 1 0.66855239000073607 -0.036959509171750685 -0.219169935504192 -0.70967333039728586 -0.54991661167176542 -1.1906350596779129 1.9617000465525234 1 CAMERA 1 50
51 1 0.73097096741037848 -0.41679275935356086 -0.35808954006040689 -0.40464443880140794 -0.40243784280525868 -2.6112163414442535 4.005297618824077 1 CAMERA 1 51
52 1 0.72210285960588272 -0.44698066194267083 0.3874469948144183 0.35869286891095986 0.56664636131924173 -2.5171162037074204 3.6409257244174476 1 CAMERA 1 52
53 1 0.37349923587014011 -0.18980508703785354 0.5490189340166225 0.72322234467017543 0.27663737974701752 -1.9698190661162205 2.5074296750676357 1 CAMERA 1 53
54 1 0.46599436509513892 -0.2820628851106034 0.57238437729444025 0.61291590383340255 0.4061174659063474 -2.302399923455511 3.0073057420156664 1 CAMERA 1 54
55 1 0.7477135591825369 0.058077045903448511 0.11170482770168913 0.65197662659166522 0.54957475233340747 0.064782126764403758 1.6721497964014913 1 CAMERA 1 55
56 1 -0.27441361209406845 0.12775390683241167 0.66413854338027567 0.68359059676334599 -0.46192877158471513 -2.436344049059235 3.326844326133696 1 CAMERA 1 56
57 1 0.20407900177996086 -0.077685924157207584 0.42886958445911866 0.87657717158627768 0.049672777357160955 -1.1390043614410601 1.8689222931758729 1 CAMERA 1 57
58 1 0.6150526692057946 -0.18717865478793949 -0.39675903491545095 -0.65517679561135633 -0.55772388785273197 -2.1059095236073864 2.7493468680648308 1 CAMERA 1 58
59 1 0.26436087119314972 -0.1558075775602645 0.59573326354286882 0.74225279202261274 0.14949921551253167 -2.0531216101749692 2.5911899643143794 1 CAMERA 1 59
60 1 0.27859272368261251 -0.12284940057866092 0.50327833720475612 0.80870577739310312 0.14942255929544582 -1.5967915401612414 2.1532414612059556 1 CAMERA 1 60
61 1 0.74425785074589446 -0.0068068329420850875 -0.15835741787191659 -0.64881187322161404 -0.50775731251135181 -1.0463498404023366 1.8839414384501048 1 CAMERA 1 61
62 1 0.8646965880849411 -0.3128141900552972 -0.19506699581371784 -0.3411685216993518 -0.248964526619215 -2.416935363717156 3.1965424172927803 1 CAMERA 1 62
63 1 0.7263434313364785 -0.2972996135116554 -0.3550867596829318 -0.50788931142331251 -0.47106405914752542 -2.4238705333173227 3.2931897314426037 1 CAMERA 1 63
64 1 0.78468442289954887 0.043346188529966641 -0.10292091599745999 -0.60975302332089376 -0.4680426345344828 -0.77757212062602632 1.7723056821137115 1 CAMERA 1 64
65 1 0.2402711656503565 -0.064273990599070199 0.35341152356411309 0.9017976026257678 0.085561638408871488 -0.73216871594067512 1.7175511565116897 1 CAMERA 1 65
66 1 0.93857607064964355 -0.34317411354320315 0.022847820333825337 -0.028008293480780617 0.17997812737828631 -2.4097035756884879 3.1669300343992783 1 CAMERA 1 66
67 1 0.50418501357465417 -0.27888969213817572 -0.56759744025936065 -0.58809111327822416 -0.56403324228818752 -2.5291680074784071 3.6901650876691301 1 CAMERA 1 67
68 1 0.97393174073899691 -0.16085207314261959 -0.030995571937795483 -0.15691669594749236 0.019924618214571459 -1.8865427784773452 2.4007657236779525 1 CAMERA 1 68
69 1 0.99679880729677095 -0.050257945272476179 0.047020753205519066 0.040685691301852095 0.25037542246214722 -1.3326388594417744 1.9881893472809034 1 CAMERA 1 69
70 1 0.9748271106017079 0.10608527612564114 0.056790647945229512 0.18770413136431768 0.38108729227447763 -0.43803471074387562 1.678223965844782 1 CAMERA 1 70
71 1 0.82174520216302149 -0.17586810588981866 -0.21919364728596161 -0.49574124000556985 -0.40644751693425113 -1.9779175378246407 2.543897554773654 1 CAMERA 1 71
72 1 0.80026151564719783 -0.54425445074078616 0.20588810175980826 0.14484021878137943 0.42584404925286823 -2.6197857145830477 4.2290717049203073 1 CAMERA 1 72
73 1 0.42467843635980262 -0.19416840803357147 0.51249913784485379 0.72061882345729988 0.33178888619483538 -1.8670972199692657 2.4094785448409994 1 CAMERA 1 73
74 1 0.87955415687857708 -0.43903907073402371 0.14124613528052679 0.11695601205126534 0.36865763644179961 -2.5431541138435176 3.6016055075622719 1 CAMERA 1 74
75 1 0.59774953483730942 -0.057221840700760342 0.24898352852917185 0.75988706862912225 0.44815968595110406 -0.55533306494003987 1.7115272017255876 1 CAMERA 1 75
76 1 0.75698434962489847 -0.19396738904195276 -0.28502715997191996 -0.55507735000588787 -0.47170508378853526 -2.0665878968572713 2.6681960828434135 1 CAMERA 1 76
77 1 -0.008683979095352571 -0.034524689520623354 0.7093156531568503 0.70399143354677762 -0.18221451063011562 -2.4031470067310945 3.1551920734896983 1 CAMERA 1 77
78 1 0.25613508777802513 -0.08664532108568114 0.42036302125195302 0.86613066884092782 0.10933218944980709 -1.121380006413363 1.8603981166614871 1 CAMERA 1 78
79 1 0.25780670733752536 -0.12680951256084499 0.53419600282322477 0.79504067804330225 0.12806250707588152 -1.7397146735730087 2.2674086653808594 1 CAMERA 1 79
80 1 0.89269335608380718 -0.41585150385592173 0.13191507350459655 0.11298014040916261 0.36072887705396939 -2.5073289909906129 3.4726354071486893 1 CAMERA 1 80
81 1 0.93797177967793599 -0.13645191553806685 0.14552417816988483 0.28357102962358061 0.47213860776834138 -1.5230513430283392 2.1446238774807749 1 CAMERA 1 81
82 1 0.80242536150102062 -0.37063819787592295 -0.27348520988648922 -0.37940309101085051 -0.32822524492700955 -2.548736091943661 3.6015304203458203 1 CAMERA 1 82
83 1 0.22156796830318606 -0.13006520129321872 0.58542445013976341 0.76894010950990754 0.091299815445917573 -1.9627986881051893 2.4911517998997006 1 CAMERA 1 83
84 1 0.93994501512558282 -0.055264031723914052 -0.071058801690742981 -0.32924140389759876 -0.186874473922955 -1.4568210343147252 2.0563176924138071 1 CAMERA 1 84
85 1 -0.0082389023143274436 -0.033816686820350168 0.62151889193928922 0.78262559320770209 -0.18561743966269426 -2.07635536950158 2.6236529957459283 1 CAMERA 1 85
86 1 0.37694675401416305 -0.21426619304384509 0.58035210967765571 0.68934212982333964 0.29283732389346789 -2.1392477483830525 2.719853923701061 1 CAMERA 1 86
87 1 0.92984601535057954 -0.26165308257793596 -0.098612963299781004 -0.23916424394827412 -0.098470883960481453 -2.2546490918330386 2.8668912852353081 1 CAMERA 1 87
88 1 0.60077129532435236 -0.34488111162710977 0.49407911973120988 0.52537290851620999 0.52646882964821873 -2.3480857943087807 3.1416439252171231 1 CAMERA 1 88
89 1 0.88568665399593471 -0.13515193010379029 -0.14637508956320622 -0.41936552061187521 -0.30763289602634275 -1.8076761962628292 2.3474572158256 1 CAMERA 1 89
90 1 0.81682683801325606 -0.23837346879845933 0.27585033767548023 0.44707784252698041 0.5691128010751807 -1.8369430151157693 2.4330276831396906 1 CAMERA 1 90
91 1 -0.39381277970892731 0.11754731946912786 0.5054204154367965 0.75871228135785884 -0.52574589839116825 -2.0187010994688337 2.6293379852204524 1 CAMERA 1 91
92 1 -0.028818591328896512 -0.023737138638785547 0.64547898817253491 0.76286493750258422 -0.20879076324050178 -2.1805503542225226 2.766660779786708 1 CAMERA 1 92
93 1 0.39832656354914742 -0.27914769763069119 0.6305871560978169 0.60479116250411491 0.34785235137117454 -2.4207100355940985 3.2338633665374843 1 CAMERA 1 93
94 1 0.69812909309915516 -0.39473303727788045 -0.39898776652983503 -0.44453386913649745 -0.45389093874706599 -2.5961704334982509 3.9458036766550939 1 CAMERA 1 94
95 1 0.40742725917565453 -0.27339574015927026 0.61731987459979376 0.61495851093181386 0.35136677226973517 -2.3806250714534523 3.1442585455752576 1 CAMERA 1 95
96 1 -0.49636577333798104 0.26181765540128421 0.56459428161127756 0.60523204768965111 -0.56339161900837498 -2.5014269984231619 3.5783023411064727 1 CAMERA 1 96
97 1 -0.41760641834987394 0.23089614724801405 0.62320749003457954 0.61960009111023628 -0.54820454357625081 -2.5202059468274753 3.6377692798260162 1 CAMERA 1 97
98 1 0.99870618126036326 0.033565065840388396 0.029025336189613202 -0.024837063565421785 0.17702697928064329 -0.97408256173489405 1.8068772031635463 1 CAMERA 1 98
99 1 0.73074102773005045 0.021436005129264135 0.14468332518826424 0.66680190723227162 0.54258842723281375 -0.14480804595290941 1.6752552806590186 1 CAMERA 1 99
100 1 0.96276423854260784 -0.25646752100766329 -0.0078717855757860656 -0.085132054148277028 0.10805649008605095 -2.1949802011331623 2.778203709838253 1 CAMERA 1 100
